$ANSIBLE_VAULT;1.1;AES256
39306135366232643130323634626665303335666332346632633630376666666431316232366262
3663393465626366386364653335613136366532363230320a343539626337613333353231663038
31353930393636663465666132623061626637666537353834626634626634373630313763616632
3462646632353737650a393733623266356239663666376630646163343231653864633039633932
38346537656234626666383139626362383236616132663265393061333438613731383462393564
62613361373738356237396432323239383431383163663030326365343262376661353163613364
35366263323838396664393033646533303032326536633363656466323661336230383562636564
38623335366663383136623032383161306230376437313339386633653139613465663237306262
61613363383738333036613464636265333836393765373066386433383763313963346338356430
30613133386562656235316536343362386439336661353963393136666261393863613265653732
38303062616633336261623862616237656638646239366632633639326630323835363366383564
34333362303863653139616266663230646535333865646233613334363530646133353261356364
34363637656664363836623263333537393937353837303737326632316631323939303363323834
38643836306632303839306663616330643631643732653362653233303730663538616666316432
31323465373032666364316161653835383130653935653337306631663935656535353238326237
30666564333535393830363337303730313261356465396332643938373165336535346136626262
66353461316662346366393666363533376636313330383736333635306462326365383738333038
34643663346332666532386664313530373339633365616664343134333333326439326336663436
36343432353532356534316537323166366563666565616233666261643866383237663934666331
30343632343435666166323938646530373235343139326335633366623963666666663738613562
62346661333538306637353633383630343833636539613436303931326630306337636433343739
65363865333338313337363666646139353563353662633833653537386437336138666438643632
66313162636639633865663163363033386238373535613435393561343162626165303235333634
31383033326430646363643634346536396338613630393764363862323532653666623138393935
6462
